   2.0000000e+00  -1.1563105e+00  -7.0690280e-01  -3.1970366e-01  -9.6135893e-01   2.2724016e-01  -1.0525767e+00  -2.3820567e-01   7.8357488e-01  -2.4235333e+00   6.9926313e-01
   2.0000000e+00  -1.4158436e+00   3.4853423e-01   8.7603911e-02  -2.6719917e-01   1.0465141e+00  -2.4131139e-01  -2.1217746e-01  -1.3638303e+00  -1.7132060e+00  -1.5819158e+00
   2.0000000e+00  -1.2513594e+00  -1.2294626e+00   3.2895160e-01   1.4342590e+00   5.4806321e-01  -6.4778009e-01   1.6907601e+00   1.5285005e+00   1.3551357e+00  -5.4195119e-01
   2.0000000e+00   1.0446103e-01   7.0049202e-01   7.4422738e-02  -1.7663642e+00  -2.3958260e-01  -1.6003095e-01   7.1745433e-02  -1.6781739e+00  -1.9772985e-01  -1.6169475e+00
   2.0000000e+00  -4.6647820e-01  -1.4867958e-01   1.3943222e-01   1.1084907e+00   1.0539953e+00   5.2221201e-01   7.7355886e-01   6.5946331e-02  -3.1441649e-01  -1.2418022e+00
   2.0000000e+00  -5.9928663e-01  -1.4258334e+00   1.1499207e+00  -1.2717895e+00   1.8664417e-01   9.5426656e-01  -7.5952854e-01  -9.0012233e-01   2.3171258e+00  -6.0170750e-01
   2.0000000e+00  -4.2825945e-01   2.0385304e-01   4.9620830e-01   9.4759635e-01  -6.6108618e-01   2.1093220e+00   5.2359384e-01  -1.7878347e-01   6.6960631e-01  -1.1088674e+00
   2.0000000e+00  -8.4155684e-01  -7.8325986e-01  -4.7486646e-01   1.3843020e+00   1.0818756e+00  -5.8264831e-01  -1.2683995e+00   3.9901245e-03  -1.6718072e-01   2.7249456e-01
   2.0000000e+00  -1.3444290e+00   2.4628483e-01  -2.8267315e-02   7.6520159e-01   9.0481194e-01   4.6363566e-01  -2.0414520e-01  -2.6516594e-02  -9.1976781e-01  -1.3460670e+00
   2.0000000e+00  -1.3091959e+00   1.5445907e-01   7.5771894e-01  -1.3807024e-02  -2.1287938e+00  -5.9548972e-01   3.2644703e-01  -8.9903388e-01  -6.2368238e-01  -5.7384568e-02
   2.0000000e+00   3.2713215e-02  -3.5626424e-02  -4.9012215e-01   1.5989169e+00  -1.2339006e+00  -1.6872430e+00  -9.9804637e-01   8.7098964e-01   3.3832442e-01   8.9626268e-02
   2.0000000e+00  -8.7858247e-01  -7.6186978e-02   1.8378107e-01  -7.4693454e-01  -9.5036668e-01   1.2524698e+00  -9.0909994e-02   4.5625616e-01   6.9148015e-01  -1.6579530e+00
   2.0000000e+00  -1.4377239e+00  -9.7939374e-01   5.1479763e-01   2.0927651e+00  -1.3396775e+00  -2.8591367e-01   5.4972796e-02   1.2200730e+00   5.1584275e-01  -2.3808407e+00
   2.0000000e+00  -8.8794235e-01   4.6115012e-01   2.3231951e-01   1.7410389e+00  -1.4708751e+00   3.8812970e-01   1.1843481e-01   1.6941959e+00   1.0140447e+00   6.3054165e-01
   2.0000000e+00   7.0237323e-01  -8.8745039e-01   2.7090054e-02   1.0096815e+00  -9.1769421e-01   8.1356661e-01  -4.1304769e-01  -1.5065068e+00  -2.8940721e-01  -7.3532885e-01
   2.0000000e+00   8.0637083e-01   7.7645343e-01   4.5352080e-01  -5.9370281e-01   9.1430848e-01  -9.1225597e-01  -2.7095016e-01  -1.6245538e-01   1.8630802e+00  -1.1406223e+00
   2.0000000e+00  -6.2615511e-01   5.9059887e-01   6.5296256e-01   1.4291419e+00  -9.3409155e-01   1.2847621e-01  -6.1545770e-02  -1.0427207e+00  -4.5385907e-01  -1.3659617e+00
   2.0000000e+00  -8.5119097e-02  -1.2634331e-01   4.5248406e-01   2.9380296e-03   9.0654507e-01   6.1252553e-01  -4.1031189e-01   7.8964870e-02   1.3805916e-01  -2.4386241e+00
   1.0000000e+00   9.8049987e-01   1.9834387e-01  -2.4295491e-01   1.9814350e-01  -3.8511656e-01   1.2405994e+00  -1.2886823e+00  -3.4725698e-01  -3.5370651e-01   7.1698479e-01
   2.0000000e+00   1.6241909e+00  -7.7795722e-01   1.2586104e+00  -9.8184715e-01  -3.0956003e-01  -6.4768220e-01  -2.7981508e-01  -8.9396185e-01   2.7977166e-01   1.8751712e-01
   2.0000000e+00   3.4792170e-01  -1.6577864e+00   1.3843601e+00   9.7875459e-01   1.1101745e+00   2.6628523e+00  -1.0410709e+00   8.5726508e-01  -3.0311755e-01  -5.3478047e-01
   2.0000000e+00  -4.2265350e-01   5.9963483e-01   3.7222967e-01  -4.8340598e-01  -8.3828063e-01   3.3097999e-01  -1.0449403e+00   6.8588298e-01   3.2343850e-01   2.0303558e-01
   2.0000000e+00   9.4375455e-01  -1.7970935e-01  -1.0931087e-01   1.7480975e+00  -1.0322887e+00   6.6008442e-01  -3.0236309e-02  -3.2951215e-01   1.9404188e-02   9.9608455e-02
   2.0000000e+00   3.4160424e-01  -3.0307767e-01   9.9565374e-01   1.1532148e+00   7.6445985e-01  -1.2619162e+00  -1.8489308e-01  -9.8773162e-01   1.7541534e+00   6.2842484e-01
   2.0000000e+00   3.4639816e-02  -1.8552346e+00  -1.8581466e+00   6.5708928e-01  -1.3291291e+00   7.1125421e-01   4.1014276e-01  -8.2980796e-02  -7.5357196e-01   1.1243833e-01
   1.0000000e+00  -9.0286818e-01  -8.6351645e-01   6.3812293e-01   3.1093061e-01  -6.4496555e-01   3.8240125e-01   1.2700340e+00  -6.8679035e-02  -2.2235587e+00  -1.6148506e+00
   2.0000000e+00  -1.1566610e-01   2.4495687e-01   1.2470221e+00  -1.7791603e-01   2.1674753e+00   1.3511586e+00  -7.8942521e-01   1.1505791e+00  -1.5096509e-01  -1.9872813e+00
   1.0000000e+00   1.2954905e+00   1.2644283e+00  -2.3935990e-01   4.7133169e-01   1.0651898e-01   4.6562487e-01   3.2137880e+00  -1.6565382e-01   4.0424209e-02   4.6076656e-01
   2.0000000e+00  -2.7739963e-01   1.3634022e+00  -5.4613851e-01   1.2462568e+00   4.0725724e-01   4.4203977e-01  -1.7076988e-01  -2.8399122e-01   5.5237880e-01   7.2650548e-01
   2.0000000e+00  -1.2712011e-01  -6.8008892e-01   2.5339220e-01  -1.8425338e+00   1.0569764e+00  -4.9289080e-01  -4.8566602e-01  -1.5707926e+00   8.5164915e-01  -6.4330727e-01
   1.0000000e+00  -9.3096193e-01  -5.7735004e-01   3.2776724e-01   5.3709098e-01   6.4242350e-01   4.5953809e-02  -1.6915068e+00   4.8915987e-01  -9.6868092e-01   2.7516467e-02
   2.0000000e+00   1.5393334e+00  -7.6055603e-01  -1.7737348e+00  -3.9555149e-01   4.3811527e-01  -7.9675162e-01   1.5434074e+00   6.0755808e-01   2.2049721e+00   3.3212185e-01
   2.0000000e+00  -9.1884646e-01   9.7826124e-01   4.2068332e-02   8.6295772e-01  -1.1578230e+00  -3.0847227e+00   1.2765641e+00  -1.0149362e+00   1.0703228e+00   4.9562119e-01
   2.0000000e+00  -6.4510786e-02  -6.2306458e-01  -8.0005291e-02  -1.3491147e-01   1.1575802e+00   1.0869550e+00   1.5370493e+00  -6.2002059e-01  -5.9916061e-01   1.3037418e+00
   2.0000000e+00   5.6487864e-01   9.7883430e-02   1.0070079e-01  -1.3399154e+00   1.2522260e+00  -1.4558400e+00  -5.7604443e-01  -8.1868829e-01  -5.3535034e-01   1.8033712e+00
   2.0000000e+00   1.5258237e+00  -1.0428581e+00  -1.7708513e-01  -7.9012250e-01  -3.2813312e-01   3.7336122e-01   1.1882315e+00   7.5685965e-01  -3.6750250e-01   3.6759999e-02
   2.0000000e+00   1.2147696e-01  -8.7702968e-01   8.1770588e-01   7.6088045e-01   9.0850410e-01   4.7587551e-01  -6.8028856e-01  -2.6928997e-01   1.0714795e+00   3.5014097e-01
   2.0000000e+00  -1.0291817e+00  -2.1240582e+00  -2.2934260e-01  -4.9794892e-01   4.7796027e-01  -1.6862476e+00   6.2015201e-01   1.3906915e-01  -1.4133051e+00   3.4889366e-02
   2.0000000e+00  -7.6970339e-01  -7.1647707e-03   8.5041836e-01  -1.2304437e+00   6.4591702e-01  -3.1837947e-01   1.7848033e-01   5.6356761e-02  -2.8256016e-01   6.8810564e-01
   2.0000000e+00   5.0003540e-01   5.8661071e-01  -2.7493886e-03   1.8650006e+00   8.3054414e-01   8.1757254e-01   2.3616344e-01   1.5464528e+00  -3.4028538e-02  -1.7824168e+00
   1.0000000e+00  -1.9708814e+00   5.3690118e-01   7.7861717e-01   3.4007000e-02  -6.7707573e-01  -1.6834034e-01   8.1077587e-01  -3.9894606e-01  -1.3675393e+00   1.1017136e-01
   2.0000000e+00   1.1521335e+00   1.0076710e+00  -8.5695852e-01  -1.2445839e+00  -5.0008085e-01  -8.3123070e-01   1.5410900e-01  -2.0300350e+00   5.5964719e-01  -1.1560394e+00
   2.0000000e+00  -3.8028698e-01   1.6959078e-01  -1.6778991e-01  -5.8618157e-01  -8.2698180e-01  -7.2202434e-01   5.3991293e-01   2.2309985e+00   1.4584085e+00   5.4145162e-01
   1.0000000e+00  -2.9005247e-01  -2.0008983e-01  -7.5541262e-02   3.0317241e-01  -6.4423424e-01   4.2841981e-01   1.2796091e-02  -1.3216371e+00   6.4978947e-01   1.1959335e+00
   2.0000000e+00  -4.8356530e-01  -8.4660844e-01  -1.6428443e-01  -2.1024542e+00  -1.2987275e-01   4.1513258e-01   3.3045364e-01   1.3197903e+00   2.5370004e-01  -5.6561163e-01
   2.0000000e+00  -1.6369388e+00   2.7186183e-01   1.4363553e+00  -8.3360721e-01   1.0479455e-01  -1.1763871e-01   1.8830315e-01   9.5337050e-01   1.7741439e+00  -8.2633759e-01
   2.0000000e+00   5.2704203e-01   1.7774566e+00  -5.2004402e-01  -6.8354908e-02  -8.5570933e-01   5.6248357e-01  -1.5826752e+00  -1.2344738e-01  -8.3927227e-01   7.5374134e-02
   2.0000000e+00  -1.5698365e+00   9.6347443e-01  -1.6673899e+00   6.7501349e-01   2.1529694e+00  -2.2082919e-01  -3.1080606e+00   7.8597256e-01   5.4770729e-01   3.2991657e-01
   1.0000000e+00   5.7343205e-01  -5.5357512e-01   3.2637891e-01   3.6845977e-01   6.4430946e-01   6.8199090e-01   1.1464434e+00  -1.3666410e+00   1.6340661e+00   2.1539094e+00
   2.0000000e+00  -2.7257109e-02   1.6191832e+00   1.4739696e+00   8.5042229e-01   1.0410679e+00   3.2041549e-01  -2.6063766e+00   4.9856147e-02   5.6089164e-01   1.0007003e+00
   2.0000000e+00  -7.0260809e-01   1.0562461e+00   2.5071475e-02   1.0064026e+00  -5.1010074e-01   1.4918172e+00   2.7488606e+00  -4.2301060e-01   1.1024107e+00   1.1748339e+00
   1.0000000e+00   3.8158470e-01   2.7478967e-01   8.5517897e-01   1.6641862e-01   4.0008619e-01  -1.0662227e+00   7.5154298e-02   1.5822191e+00  -7.5861926e-01  -1.4840708e+00
   2.0000000e+00   8.1530420e-01   9.9228337e-01  -1.6483587e-01   9.0863970e-02   1.0553022e+00   1.1587769e+00   1.1627992e+00  -1.1724708e+00  -6.2669611e-01  -4.2195266e-01
   1.0000000e+00  -2.3378738e+00  -5.8543028e-01  -5.6079190e-01   5.5103615e-01   1.5599703e-01  -1.0549798e+00  -9.6775361e-01   1.8560180e+00   1.2997165e-01  -1.9482536e+00
   2.0000000e+00   6.2924654e-01  -4.8598553e-01   3.5843538e-01  -1.8097516e+00  -9.6563818e-01  -2.9160456e-01  -1.6774969e+00   6.4610250e-01  -8.0593148e-01   3.4923650e-01
   2.0000000e+00   1.0762367e+00  -3.2650538e-01  -6.2287404e-01  -1.4429631e-01  -8.0099893e-01   2.7029599e+00   1.2969889e-01   9.9297778e-01  -1.7247404e-01   9.5935802e-01
   2.0000000e+00  -4.6992145e-02  -1.0943362e+00  -5.6154064e-01  -8.5620715e-01  -2.7970212e-01  -8.0913041e-01   8.1141484e-01   2.5167059e-01   1.0038844e+00   1.2079519e+00
   2.0000000e+00  -1.7670689e+00   3.8489480e-01  -1.0374222e+00  -1.6174310e+00  -1.2201461e-01   8.0313004e-01  -6.6010324e-01  -1.4477588e-02   1.5012978e+00  -1.2886111e+00
   2.0000000e+00   3.6866455e-01  -1.7489681e-01   5.1004054e-01   1.2612128e+00  -5.9762936e-01   6.5415059e-01  -1.4969714e-01   1.1674886e+00  -2.3498026e-01   4.7273741e-01
   2.0000000e+00  -9.5633888e-02  -1.3566638e+00  -4.8792094e-01   1.1107924e+00  -1.0649151e+00  -5.7102427e-01  -6.5186452e-01  -6.1385774e-01  -3.5425062e-01  -1.5305112e+00
   2.0000000e+00  -9.3584954e-01  -1.3855572e+00  -7.6240393e-01   1.7009087e+00   5.9090382e-01  -1.0671607e+00   2.7976378e-01  -5.5719459e-01   7.4209393e-01   1.0660017e+00
   2.0000000e+00   4.1742448e-01   1.2914844e+00  -3.6954168e-01   1.0929609e+00   1.2662398e+00   1.2268932e-01   1.5323411e+00  -1.4023162e+00   1.3347983e+00  -4.9333843e-01
   2.0000000e+00  -7.9766706e-01  -1.5635282e+00   4.9136865e-01  -9.4123544e-02  -3.8589594e-01   5.3257333e-01   1.7364543e-01   4.2749394e-01   4.1324578e-01   1.5193782e+00
   2.0000000e+00  -4.9471612e-02  -4.0962916e-01  -6.8965653e-01  -1.1751069e+00  -1.7906064e+00   5.7868770e-02  -6.9398829e-02  -1.0392219e+00  -6.1307760e-01   5.3442691e-01
   2.0000000e+00   1.0542632e-01  -1.9862431e-01   9.8196559e-01  -1.2454333e+00   7.2114539e-01  -1.3905676e-01   5.1584271e-01   7.9864412e-01   8.4121425e-01  -1.6411645e-01
   1.0000000e+00  -9.4450239e-01   2.2860163e-01  -3.9980230e-01   4.7285680e-01   4.0622063e-01  -2.7023254e+00  -7.2463245e-01   8.6177081e-01  -5.5119205e-01   1.5315155e+00
   2.0000000e+00   5.1297761e-01  -1.6764839e-01   1.2703954e+00   7.8148629e-01   6.6874155e-01  -1.5020948e-01  -5.4270028e-01  -7.9562766e-02   9.6043806e-01  -6.5851932e-01
   2.0000000e+00   1.1486679e-01   1.2886470e-01   7.0386313e-01  -1.8321231e+00  -1.2768892e+00   2.5492971e+00   3.4939965e-01   1.0148357e+00   1.5846056e+00  -2.6621027e-01
   2.0000000e+00  -6.4109246e-01   1.0152156e+00   6.6149656e-01  -1.7582614e-01  -1.1309897e+00   1.0119626e-01   5.6360340e-01  -6.0765693e-01  -4.3432080e-01   6.5517731e-01
   2.0000000e+00   1.0536252e+00   3.1547016e-01   2.0378769e+00   1.6061048e-01   1.7763985e+00  -1.3446506e-01  -6.3684730e-01  -8.6572957e-01  -1.4324678e-01  -2.8986343e-01
   1.0000000e+00   2.0827249e+00   5.1144967e-02  -6.4676096e-02   2.3353867e-03   8.3799906e-01   5.4754777e-01  -3.7323305e-02  -1.2567411e+00   9.2534699e-02  -1.5105485e+00
   2.0000000e+00   2.0892945e+00  -1.9000646e-01  -8.6788184e-01  -2.5178652e-01   2.5910081e+00   1.5035302e+00  -1.3517929e-01   2.3184459e-01   1.2356045e+00  -5.2246980e-01
   1.0000000e+00  -8.6782117e-01   1.0964252e+00   5.5026264e-01   8.6878583e-01  -1.7631676e-02  -1.0493966e-01  -1.1280424e+00   5.7509454e-02  -9.0421852e-01  -1.0735185e+00
   2.0000000e+00   9.0463739e-01  -1.2684414e+00   1.0935805e+00   9.7014745e-01  -2.6625461e-02   1.4632541e+00   2.8330815e-01   1.4612149e+00   2.3987426e+00   1.1083664e+00
   2.0000000e+00  -9.3800892e-02   1.4387894e+00  -9.8753086e-01   2.0421475e+00   9.0495185e-01   9.5505456e-01  -1.1698573e-01   3.1794640e-01  -3.8041924e-01   5.0082043e-01
   2.0000000e+00  -1.8100389e+00   7.1279867e-01  -1.1262608e+00   1.0978902e+00  -5.8288486e-01   2.3500092e-01  -1.3051170e+00  -5.1534175e-01  -1.1564354e+00   1.6236643e+00
   2.0000000e+00  -4.5243857e-01   5.1221482e-01  -4.2252140e-01   8.9382040e-01   1.5830864e+00   1.0566251e-01   1.6899540e+00  -6.2720092e-01  -4.9694778e-01   2.0614767e+00
   1.0000000e+00  -1.1970582e+00   1.1890093e+00  -7.8858321e-02   4.1192810e-01   5.1850673e-01   1.1395979e+00   4.1771366e-01   1.4786550e+00   1.1680658e+00   2.6258668e-01
   1.0000000e+00   1.6464447e+00   9.0891917e-01   1.3530305e+00   1.5099253e-01  -3.9478611e-01  -1.2195859e+00   2.2075748e-01   5.0408237e-02  -1.4154453e+00  -1.0181941e-01
   2.0000000e+00  -3.3467919e-01   6.9892122e-01  -5.1544396e-01  -1.3018232e+00  -6.7437867e-01  -1.1615085e+00  -1.3970993e+00   8.7854163e-01  -1.4520763e+00  -4.7313228e-01
   2.0000000e+00   4.7117836e-01   2.2250150e-01   1.0369869e+00   1.3499376e+00  -1.2860978e+00   1.1251330e-02  -3.6102772e-01   4.4936629e-01   3.1535046e-01  -5.1549501e-01
   2.0000000e+00  -1.7010676e-01  -1.0377053e-01  -1.0390925e+00   9.8118205e-01   6.6949978e-01   2.4715934e-01   1.6646903e+00  -3.9145026e-01  -3.0197903e-01   5.2736344e-01
   2.0000000e+00  -1.5260143e-01  -5.2526579e-01  -8.6288585e-01  -4.2631476e-01  -9.7702780e-01   7.3831892e-01  -1.4608192e+00   5.4586712e-01  -3.6276958e-01   1.6530249e-01
   1.0000000e+00   5.8195122e-01  -4.0094550e-01  -1.1509967e+00   1.2397583e-01  -9.1804443e-02   2.1542124e-01   1.4604183e+00   6.3093306e-01   1.6618008e+00  -6.7254331e-01
   2.0000000e+00  -2.9671932e-01  -4.5009198e-01  -2.4966310e-01  -1.3715059e+00   1.3452685e+00   4.6527014e-01   1.2583778e+00  -1.0931455e+00  -9.3868430e-01  -1.7936573e-01
   2.0000000e+00  -1.4147499e-01  -2.0234154e-01   1.7201158e-01  -9.1978824e-01  -2.9760980e-01   1.7649265e+00  -1.0329207e+00  -2.9504413e-01   8.4621053e-01  -8.3035994e-02
   2.0000000e+00   8.0613210e-01  -1.0902571e+00  -3.4701177e-03  -5.0064291e-01   5.5304606e-01  -1.1011651e+00  -8.9637577e-01  -1.4235310e-01   1.0344265e+00   1.3308218e+00
   2.0000000e+00   8.2015098e-01  -1.0744587e+00  -2.2189490e+00  -9.7550387e-01  -2.5906174e-01  -6.0278577e-01  -8.2694717e-01  -1.2775112e-01  -7.1419207e-02  -6.8334289e-01
   2.0000000e+00  -6.1036026e-01  -1.2235134e+00   2.1687870e-01  -2.0374591e+00   6.9002362e-01   1.4434791e-01  -1.2886044e+00  -2.2971483e+00  -1.0089903e+00   8.6492455e-01
   1.0000000e+00   2.0581133e+00  -7.6971835e-01   1.0265751e+00   1.6296002e-01   7.9097263e-01   3.6804811e-01  -2.1586275e+00   4.9586796e-01  -6.9148014e-02   3.7556300e-01
   2.0000000e+00   3.8290899e-02   1.0343948e+00   7.7552397e-01  -1.3407473e-01  -1.6370947e-01   1.4078013e+00  -5.4016802e-01   3.5557198e-01   1.0223289e+00  -1.9432825e+00
   1.0000000e+00  -4.7761812e-01  -9.2762594e-01   5.8874829e-01   4.0357651e-01   3.9315376e-02  -6.4933846e-01  -2.7894303e-01  -8.9633342e-01  -1.6281255e+00   5.2100892e-01
   2.0000000e+00   2.1001810e-02   3.8586726e-01   1.2229383e+00  -1.1674702e-01  -3.1165317e-01   7.9602602e-01   5.2333799e-01   2.2665753e-02  -6.8579070e-01  -1.1686765e+00
   2.0000000e+00   1.2992780e+00  -1.8839497e-01   1.9961766e-01   1.9520969e+00   4.7425122e-01   2.3980011e-01   1.4863005e+00   6.0798879e-01   4.1848541e-02  -1.1883462e+00
   2.0000000e+00  -2.6405569e+00   1.1235797e+00   2.2662546e-01   3.0368342e-01   1.3990549e+00  -1.3587864e+00  -1.0256041e+00   1.5828434e+00   7.0902995e-01   4.5562133e-01
   2.0000000e+00  -3.0779629e-01   1.2958193e+00   2.0622193e-01  -7.3136090e-01   5.2013466e-01  -5.4408923e-01   1.4854772e+00   8.0261830e-01  -2.9713408e-02   6.0149751e-01
   2.0000000e+00  -1.0476706e+00  -9.1374070e-01   1.5458392e+00   9.6288732e-01   1.2928937e+00   2.7404260e-01   1.5651219e+00  -4.0381357e-02  -3.8224946e-01  -1.8182675e-01
   2.0000000e+00  -5.6446916e-01  -2.2391404e-01   1.2565080e+00  -3.8862356e-01   9.9871330e-01   1.0312722e-01  -8.5047844e-01  -9.7849338e-01  -1.6698955e-01  -1.8099318e+00
   2.0000000e+00   1.0970208e+00  -8.5884302e-01   9.5708944e-01   2.3421523e+00  -6.0039115e-01   9.0692398e-02  -6.2457948e-01  -2.1503395e+00   5.9985627e-01  -2.8918175e-01
   2.0000000e+00   3.4953679e-03   3.7235881e-01   1.0355156e+00  -2.6359475e-01   1.5717816e+00  -2.6848878e-02  -8.0540511e-01  -2.1021904e+00  -1.3157709e-01   1.8425218e-01
